Probe radius  :  1.400
   Residue      Total   Apolar  Backbone Sidechain Ratio(%) In/Out
 MET      1    95.69    71.80    39.09    56.60     35.8      
 ILE      2    14.49    14.24     0.25    14.24      9.7     i
 SER      3     0.00     0.00     0.00     0.00      0.0     i
 LEU      4     0.00     0.00     0.00     0.00      0.0     i
 ILE      5     6.23     4.52     1.70     4.52      3.1     i
 ALA      6    10.36     9.77     9.74     0.62      1.0     i
 ALA      7    10.84     7.13     3.71     7.13     11.0     i
 LEU      8     8.99     8.00     0.98     8.00      5.5     i
 ALA      9     6.10     0.42     6.10     0.00      0.0     i
 VAL     10    76.51    75.21    10.03    66.48     54.4     o
 ASP     11   110.14    34.56    22.91    87.23     77.2     o
 ARG     12    81.93    26.09     1.69    80.24     41.0      
 VAL     13     6.61     6.61     0.00     6.61      5.4     i
 ILE     14    15.83    10.61     5.23    10.61      7.2     i
 GLY     15    10.16    10.16    10.16     0.00     11.6     i
 MET     16    55.78    54.87     1.03    54.76     34.6      
 GLU     17   143.63    58.60    23.98   119.65     84.7     o
 ASN     18    79.16    45.88    23.59    55.57     48.6      
 ALA     19    62.97    61.42    11.05    51.92     80.0     o
 MET     20   100.66    86.09    14.56    86.09     54.4     o
 PRO     21    66.47    36.44    43.47    23.01     21.9      
 TRP     22    23.38    13.30    20.54     2.84      1.3     i
 ASN     23   102.28    38.90     6.56    95.73     83.8     o
 LEU     24     3.01     0.95     2.24     0.77      0.5     i
 PRO     25    44.53    41.77     3.31    41.23     39.2      
 ALA     26    24.18    22.90     9.57    14.61     22.5      
 ASP     27     9.85     0.94     0.00     9.85      8.7     i
 LEU     28   100.19    98.58     1.97    98.22     67.2     o
 ALA     29    53.95    52.72    10.19    43.75     67.4     o
 TRP     30    16.47    16.35     0.00    16.47      7.3     i
 PHE     31    48.38    48.38     0.00    48.38     26.9      
 LYS     32   109.67    65.74     0.00   109.67     66.7     o
 ARG     33   147.60    87.68    20.75   126.85     64.9     o
 ASN     34    19.88     1.48     1.48    18.39     16.1     i
 THR     35     0.00     0.00     0.00     0.00      0.0     i
 LEU     36    73.60    67.30     6.30    67.30     46.0      
 ASP     37   116.10    36.88    30.77    85.33     75.5     o
 LYS     38    49.63    41.05     3.33    46.30     28.1      
 PRO     39     8.80     8.80     0.09     8.71      8.3     i
 VAL     40     0.00     0.00     0.00     0.00      0.0     i
 ILE     41     0.00     0.00     0.00     0.00      0.0     i
 MET     42     0.00     0.00     0.00     0.00      0.0     i
 GLY     43     9.67     9.67     9.67     0.00     11.1     i
 ARG     44    87.49    34.37     2.10    85.39     43.7      
 HIS     45   115.78    94.25     0.11   115.66     74.8     o
 THR     46    25.94    17.67     2.58    23.36     22.0      
 TRP     47    15.59     7.71     0.00    15.59      6.9     i
 GLU     48    93.98    36.59    20.95    73.03     51.7     o
 SER     49    62.37    28.40    39.86    22.51     29.1      
 ILE     50    61.47    40.38    28.62    32.84     22.3      
 GLY     51    47.26    30.91    47.26     0.00     54.2     o
 ARG     52   166.27    77.06     2.14   164.13     84.0     o
 PRO     53    26.92    22.77     4.15    22.77     21.6      
 LEU     54    36.20    34.35     1.87    34.34     23.5      
 PRO     55   100.89   100.66    12.04    88.85     84.5     o
 GLY     56    50.59    43.71    50.59     0.00     58.0     o
 ARG     57    28.08     8.44    23.17     4.92      2.5     i
 LYS     58    98.45    69.31    14.58    83.87     51.0     o
 ASN     59     5.72     1.41     3.28     2.45      2.1     i
 ILE     60     0.00     0.00     0.00     0.00      0.0     i
 ILE     61     0.00     0.00     0.00     0.00      0.0     i
 LEU     62    22.25    17.61     4.65    17.61     12.0     i
 SER     63    15.07    12.40    12.41     2.66      3.4     i
 SER     64    92.36    59.93    19.51    72.84     94.1     o
 GLN     65   118.77    42.26     1.01   117.76     82.0     o
 PRO     66   103.19    98.41     8.96    94.22     89.6     o
 GLY     67    30.55     7.44    30.55     0.00     35.0      
 THR     68   126.72    86.49    35.07    91.65     86.3     o
 ASP     69    36.58    17.67    15.01    21.57     19.1     i
 ASP     70   151.39    46.37    30.08   121.32    100.0     o
 ARG     71   131.67    83.95    30.67   101.00     51.7     o
 VAL     72    13.89     6.64    13.89     0.00      0.0     i
 THR     73    47.07    29.06     7.63    39.44     37.1      
 TRP     74    49.53    30.10    19.42    30.10     13.4     i
 VAL     75     2.97     2.71     0.83     2.14      1.8     i
 LYS     76   121.38    62.58    20.37   101.00     61.4     o
 SER     77    56.08    49.95     7.87    48.21     62.3     o
 VAL     78    24.38    23.74     0.65    23.74     19.4     i
 ASP     79    98.86    36.89     2.53    96.33     85.2     o
 GLU     80    79.93    36.75     5.29    74.64     52.9     o
 ALA     81     0.00     0.00     0.00     0.00      0.0     i
 ILE     82    44.16    43.76     0.40    43.76     29.7      
 ALA     83    76.66    63.91    24.29    52.37     80.7     o
 ALA     84    29.82    24.36    19.86     9.96     15.3     i
 CYS     85     8.35     0.00     8.35     0.00      0.0     i
 GLY     86    51.75    37.60    51.75     0.00     59.3     o
 ASP     87   153.04    49.28    31.75   121.28    100.0     o
 VAL     88    55.31    43.40    14.95    40.36     33.0      
 PRO     89   128.14   122.24    19.30   108.84    100.0     o
 GLU     90    18.14     6.40     0.86    17.28     12.2     i
 ILE     91     8.31     8.31     0.00     8.31      5.6     i
 MET     92     0.00     0.00     0.00     0.00      0.0     i
 VAL     93     0.00     0.00     0.00     0.00      0.0     i
 ILE     94    17.09     4.83    12.26     4.82      3.3     i
 GLY     95     1.70     1.70     1.70     0.00      2.0     i
 GLY     96    23.99    23.26    23.99     0.00     27.5      
 GLY     97    12.05     7.70    12.05     0.00     13.8     i
 ARG     98   184.74    97.01     6.75   177.99     91.0     o
 VAL     99     8.58     8.54     0.03     8.54      7.0     i
 TYR    100     9.43     2.18     0.00     9.43      4.9     i
 GLU    101   106.93    28.39     7.37    99.56     70.5     o
 GLN    102    58.14    30.76    11.72    46.42     32.3      
 PHE    103     0.00     0.00     0.00     0.00      0.0     i
 LEU    104    23.87    23.87     0.00    23.87     16.3     i
 PRO    105    99.70    79.01    27.63    72.07     68.5     o
 LYS    106    96.84    44.59    21.01    75.83     46.1      
 ALA    107     0.68     0.00     0.68     0.00      0.0     i
 GLN    108    88.49    26.50     1.77    86.72     60.4     o
 LYS    109    37.50    10.80     0.00    37.50     22.8      
 LEU    110     0.00     0.00     0.00     0.00      0.0     i
 TYR    111     8.34     3.10     0.05     8.29      4.3     i
 LEU    112     0.07     0.07     0.07     0.00      0.0     i
 THR    113     1.27     0.00     0.00     1.27      1.2     i
 HIS    114    58.24    50.68     1.29    56.95     36.8      
 ILE    115     3.69     0.11     3.69     0.00      0.0     i
 ASP    116    80.50    25.07    13.72    66.78     59.1     o
 ALA    117     5.73     5.73     5.37     0.36      0.6     i
 GLU    118   162.37    54.63    24.70   137.67     97.5     o
 VAL    119    36.99    29.88    15.00    21.98     18.0     i
 GLU    120   151.56    61.72    10.56   141.00     99.9     o
 GLY    121    18.51     0.00    18.51     0.00     21.2      
 ASP    122    85.96    45.57    32.37    53.60     47.4      
 THR    123    44.95    29.10     4.17    40.78     38.4      
 HIS    124    87.66    64.96    11.88    75.78     49.0      
 PHE    125     1.32     0.00     1.32     0.00      0.0     i
 PRO    126    19.28    19.28    12.32     6.96      6.6     i
 ASP    127   119.63    28.62    25.08    94.55     83.7     o
 TYR    128    42.08    22.14     8.90    33.17     17.2     i
 GLU    129    91.76    45.89     9.08    82.67     58.6     o
 PRO    130    97.34    88.99     9.33    88.00     83.7     o
 ASP    131   107.73    31.80    15.13    92.60     81.9     o
 ASP    132    60.58     8.28     2.75    57.83     51.2     o
 TRP    133    11.09     1.25     6.61     4.47      2.0     i
 GLU    134    80.17    12.15     1.26    78.91     55.9     o
 SER    135    57.65    33.14    22.95    34.69     44.8      
 VAL    136    71.86    45.22    35.90    35.97     29.4      
 PHE    137    83.94    83.57     8.64    75.31     41.8      
 SER    138    73.55    30.71    26.45    47.09     60.8     o
 GLU    139    70.24    22.73     6.99    63.25     44.8      
 PHE    140   122.46   100.47    21.99   100.47     55.8     o
 HIS    141    63.65    50.52     6.32    57.32     37.1      
 ASP    142   105.18    31.36     7.65    97.52     86.3     o
 ALA    143    51.57    35.24    16.33    35.24     54.3     o
 ASP    144    85.79    47.89    23.22    62.57     55.4     o
 ALA    145   117.88    85.28    49.74    68.14    100.0     o
 GLN    146   128.30    39.69    18.40   109.90     76.5     o
 ASN    147     5.44     0.06     0.07     5.37      4.7     i
 SER    148    88.24    56.46    20.16    68.08     88.0     o
 HIS    149    53.01    40.28     4.83    48.18     31.2      
 SER    150    22.78     8.40     0.82    21.96     28.4      
 TYR    151     9.96     0.15     0.13     9.84      5.1     i
 CYS    152    23.26     9.90     0.00    23.26     22.7      
 PHE    153     8.51     8.51     0.00     8.51      4.7     i
 GLU    154    25.05     2.06     0.00    25.05     17.7     i
 ILE    155    26.49    26.49     0.00    26.49     18.0     i
 LEU    156    12.16    12.16     0.00    12.16      8.3     i
 GLU    157    67.13    14.61     0.21    66.92     47.4      
 ARG    158    66.66    30.67    13.72    52.94     27.1      
 ARG    159   188.98    65.91    34.41   154.57     79.1     o
 ---------------------------------------------
 POLAR  area/energy         =         3645.67
 APOLAR area/energy         =         4973.65
 UNKNOW area/energy         =            0.00
 ---------------------------------------------
 Total  area/energy         =         8619.31
 ---------------------------------------------
 Number of surface atoms    =  717
 Number of buried atoms     =  551
 Number of atoms with ASP=0 =  0
