Probe radius  :  1.400
   Residue      Total   Apolar  Backbone Sidechain Ratio(%) In/Out
 MET      1   101.94    79.76    40.10    61.84     39.1      
 ILE      2    16.88    16.30     0.57    16.30     11.1     i
 SER      3     0.00     0.00     0.00     0.00      0.0     i
 LEU      4     0.00     0.00     0.00     0.00      0.0     i
 ILE      5     7.05     4.43     2.61     4.43      3.0     i
 ALA      6     9.81     8.85     9.24     0.56      0.9     i
 ALA      7    29.72    24.60     5.13    24.60     37.9      
 LEU      8     6.11     5.61     0.50     5.61      3.8     i
 ALA      9     6.48     0.22     6.48     0.00      0.0     i
 VAL     10    71.49    69.56    10.04    61.45     50.2     o
 ASP     11   108.28    33.97    21.90    86.37     76.4     o
 ARG     12    73.33    25.49     1.37    71.96     36.8      
 VAL     13     6.05     6.05     0.00     6.05      4.9     i
 ILE     14    15.27    13.24     2.87    12.40      8.4     i
 GLY     15    33.93    17.70    33.93     0.00     38.9      
 MET     16    59.55    58.77     0.78    58.77     37.1      
 GLU     17   114.31    66.34    12.63   101.68     72.0     o
 ASN     18   159.50    47.55    36.29   123.21    100.0     o
 ALA     19    82.99    59.33    36.26    46.72     72.0     o
 MET     20    30.04    16.18    14.19    15.85     10.0     i
 PRO     21    80.56    59.01    35.58    44.99     42.8      
 TRP     22    36.89    11.66    15.40    21.49      9.6     i
 ASN     23    99.68    24.83     3.40    96.28     84.2     o
 LEU     24     6.03     2.08     4.30     1.73      1.2     i
 PRO     25    54.24    50.61     7.69    46.55     44.2      
 ALA     26    32.53    30.89     9.66    22.87     35.2      
 ASP     27    12.31     0.32     0.00    12.31     10.9     i
 LEU     28   102.10    99.60     2.52    99.59     68.1     o
 ALA     29    48.46    47.21     9.14    39.32     60.6     o
 TRP     30    16.71    16.64     0.00    16.71      7.4     i
 PHE     31    46.25    46.25     0.00    46.25     25.7      
 LYS     32   101.57    88.18     0.00   101.57     61.7     o
 ARG     33   154.11    88.73    23.28   130.83     66.9     o
 ASN     34    23.83     1.52     1.52    22.31     19.5     i
 THR     35     0.00     0.00     0.00     0.00      0.0     i
 LEU     36    65.75    59.68     6.07    59.68     40.8      
 ASP     37   121.34    40.44    32.90    88.44     78.3     o
 LYS     38    46.31    38.82     3.25    43.06     26.2      
 PRO     39     8.49     8.49     0.00     8.49      8.1     i
 VAL     40     0.00     0.00     0.00     0.00      0.0     i
 ILE     41     0.00     0.00     0.00     0.00      0.0     i
 MET     42     0.83     0.83     0.00     0.83      0.5     i
 GLY     43     9.76     9.76     9.76     0.00     11.2     i
 ARG     44    73.60    27.15     2.49    71.11     36.4      
 HIS     45   136.68   110.07     4.74   131.94     85.3     o
 THR     46     3.81     0.85     0.57     3.24      3.1     i
 TRP     47    15.99     8.99     0.00    15.99      7.1     i
 GLU     48   102.12    43.74    24.39    77.74     55.1     o
 SER     49    57.27    19.80    37.81    19.46     25.1      
 ILE     50    56.84    39.95    23.46    33.38     22.7      
 GLY     51    48.48    28.78    48.48     0.00     55.6     o
 ARG     52   122.66    55.36     0.66   122.01     62.4     o
 PRO     53    31.75    28.45     3.33    28.42     27.0      
 LEU     54    17.54    16.44     1.10    16.44     11.2     i
 PRO     55    81.37    81.29    12.49    68.88     65.5     o
 GLY     56    49.82    42.36    49.82     0.00     57.1     o
 ARG     57    26.95     7.47    22.11     4.84      2.5     i
 LYS     58    98.99    71.28    12.02    86.97     52.9     o
 ASN     59     6.26     1.49     3.37     2.90      2.5     i
 ILE     60     0.00     0.00     0.00     0.00      0.0     i
 ILE     61     0.00     0.00     0.00     0.00      0.0     i
 LEU     62    21.24    17.96     3.28    17.96     12.3     i
 SER     63    16.87    14.20    13.96     2.91      3.8     i
 SER     64    96.65    47.23    18.24    78.41    100.0     o
 GLN     65    99.43    43.99     2.43    97.00     67.5     o
 PRO     66   110.94   106.94     9.14   101.80     96.8     o
 GLY     67    30.59     3.79    30.59     0.00     35.1      
 THR     68   128.02    87.16    35.30    92.73     87.3     o
 ASP     69    37.32    19.10    15.72    21.60     19.1     i
 ASP     70   149.70    41.78    29.41   120.28    100.0     o
 ARG     71   139.43    82.86    30.13   109.30     55.9     o
 VAL     72    15.53     7.16    15.53     0.00      0.0     i
 THR     73    49.84    34.29     6.58    43.25     40.7      
 TRP     74    53.57    34.51    19.06    34.51     15.4     i
 VAL     75     3.77     3.49     0.93     2.85      2.3     i
 LYS     76   124.21    79.54    20.49   103.72     63.1     o
 SER     77    55.20    47.38     7.40    47.80     61.8     o
 VAL     78    24.34    24.06     0.28    24.06     19.7     i
 ASP     79   100.65    40.26     3.88    96.78     85.6     o
 GLU     80    76.43    35.78     6.87    69.56     49.3      
 ALA     81     0.00     0.00     0.00     0.00      0.0     i
 ILE     82    48.31    47.27     1.03    47.27     32.1      
 ALA     83    76.40    63.78    24.11    52.28     80.6     o
 ALA     84    30.28    26.85    18.27    12.01     18.5     i
 CYS     85     6.48     0.05     6.48     0.00      0.0     i
 GLY     86    49.59    38.12    49.59     0.00     56.9     o
 ASP     87   154.81    48.97    37.04   117.77    100.0     o
 VAL     88    56.85    43.40    15.06    41.78     34.2      
 PRO     89   125.02   122.03    17.73   107.29    100.0     o
 GLU     90    21.06     6.44     0.84    20.22     14.3     i
 ILE     91     9.90     9.90     0.00     9.90      6.7     i
 MET     92     0.00     0.00     0.00     0.00      0.0     i
 VAL     93     0.00     0.00     0.00     0.00      0.0     i
 ILE     94    11.04     3.45     7.58     3.45      2.3     i
 GLY     95     0.21     0.21     0.21     0.00      0.2     i
 GLY     96    21.96    20.86    21.96     0.00     25.2      
 GLY     97    21.61    14.60    21.61     0.00     24.8      
 ARG     98   169.72    92.90     4.55   165.17     84.5     o
 VAL     99     7.61     7.61     0.00     7.61      6.2     i
 TYR    100     9.81     3.21     0.00     9.81      5.1     i
 GLU    101   102.08    26.33     8.00    94.08     66.6     o
 GLN    102    58.22    27.40    13.03    45.18     31.4      
 PHE    103     0.00     0.00     0.00     0.00      0.0     i
 LEU    104    23.39    23.39     0.00    23.39     16.0     i
 PRO    105   101.14    78.65    26.84    74.30     70.6     o
 LYS    106    94.51    45.84    22.09    72.42     44.0      
 ALA    107     0.96     0.00     0.96     0.00      0.0     i
 GLN    108    69.49    28.56     0.00    69.49     48.4      
 LYS    109    33.32    17.81     0.00    33.32     20.3      
 LEU    110     0.00     0.00     0.00     0.00      0.0     i
 TYR    111    10.75     3.18     0.07    10.68      5.5     i
 LEU    112     0.04     0.04     0.04     0.00      0.0     i
 THR    113     1.51     0.20     0.00     1.51      1.4     i
 HIS    114    55.55    47.67     0.44    55.10     35.6      
 ILE    115     3.22     0.00     3.22     0.00      0.0     i
 ASP    116    78.49    27.47    14.73    63.76     56.4     o
 ALA    117    10.15    10.15     8.02     2.14      3.3     i
 GLU    118   158.07    48.77    26.80   131.27     93.0     o
 VAL    119    32.76    25.08    18.33    14.43     11.8     i
 GLU    120   177.86    87.59    34.52   143.34    100.0     o
 GLY    121    20.56     7.69    20.56     0.00     23.6      
 ASP    122   138.61    48.14    37.63   100.98     89.4     o
 THR    123    50.41    50.02     3.92    46.49     43.8      
 HIS    124    86.46    63.23    12.18    74.27     48.0      
 PHE    125     0.16     0.00     0.16     0.00      0.0     i
 PRO    126    17.36    17.36    10.30     7.06      6.7     i
 ASP    127   117.02    32.19    20.33    96.69     85.6     o
 TYR    128    43.55    23.29    10.97    32.58     16.9     i
 GLU    129    92.28    41.87     5.70    86.57     61.3     o
 PRO    130   100.63    92.78     9.52    91.11     86.6     o
 ASP    131   108.98    32.37    17.05    91.93     81.4     o
 ASP    132    58.78     6.23     1.53    57.26     50.7     o
 TRP    133    11.25     1.12     7.08     4.17      1.9     i
 GLU    134    79.20    13.91     1.42    77.78     55.1     o
 SER    135    60.30    31.89    24.99    35.31     45.6      
 VAL    136    71.57    44.80    35.98    35.59     29.1      
 PHE    137    79.88    79.87     8.46    71.42     39.7      
 SER    138    70.15    25.97    21.54    48.61     62.8     o
 GLU    139    72.84    26.74     7.29    65.55     46.4      
 PHE    140   121.06   101.50    19.56   101.50     56.4     o
 HIS    141    60.26    47.91     6.00    54.27     35.1      
 ASP    142   100.18    34.20     7.38    92.79     82.1     o
 ALA    143    50.60    30.73    19.87    30.73     47.3      
 ASP    144    84.05    49.55    25.12    58.93     52.2     o
 ALA    145   119.38    87.69    47.34    72.04    100.0     o
 GLN    146   124.81    39.62    15.14   109.67     76.3     o
 ASN    147     4.46     0.06     0.06     4.40      3.9     i
 SER    148    60.83    40.92    32.22    28.60     37.0      
 HIS    149    49.82    36.32     4.79    45.03     29.1      
 SER    150    21.73     7.35     1.80    19.93     25.8      
 TYR    151     6.80     0.03     0.02     6.78      3.5     i
 CYS    152    27.65     7.54     0.00    27.65     27.0      
 PHE    153     7.33     7.33     0.00     7.33      4.1     i
 GLU    154    27.76     2.12     0.00    27.76     19.7     i
 ILE    155    24.66    24.66     0.00    24.66     16.7     i
 LEU    156    11.45    11.45     0.00    11.45      7.8     i
 GLU    157    60.77    13.91     0.01    60.75     43.0      
 ARG    158    63.95    31.64    11.22    52.72     27.0      
 ARG    159   185.02    64.53    38.87   146.15     74.8     o
 ---------------------------------------------
 POLAR  area/energy         =         3628.23
 APOLAR area/energy         =         4960.79
 UNKNOW area/energy         =            0.00
 ---------------------------------------------
 Total  area/energy         =         8589.02
 ---------------------------------------------
 Number of surface atoms    =  738
 Number of buried atoms     =  530
 Number of atoms with ASP=0 =  0
