Probe radius  :  1.400
   Residue      Total   Apolar  Backbone Sidechain Ratio(%) In/Out
 MET      1    95.81    78.97    35.73    60.08     38.0      
 ILE      2    15.26    14.25     1.00    14.25      9.7     i
 SER      3     0.00     0.00     0.00     0.00      0.0     i
 LEU      4     0.00     0.00     0.00     0.00      0.0     i
 ILE      5     5.85     3.68     2.17     3.68      2.5     i
 ALA      6    10.07     9.34     9.55     0.51      0.8     i
 ALA      7    28.32    22.70     5.63    22.70     35.0      
 LEU      8     7.10     6.63     0.46     6.63      4.5     i
 ALA      9     6.15     0.24     6.15     0.00      0.0     i
 VAL     10    64.45    63.09    11.28    53.18     43.5      
 ASP     11   107.83    32.54    18.56    89.27     79.0     o
 ARG     12    76.24    28.06     1.94    74.29     38.0      
 VAL     13     8.45     8.45     0.00     8.45      6.9     i
 ILE     14    16.53    14.10     2.90    13.62      9.2     i
 GLY     15    33.55    18.01    33.55     0.00     38.5      
 MET     16    65.23    64.56     0.81    64.43     40.7      
 GLU     17   105.51    44.38    30.52    74.98     53.1     o
 ASN     18   130.92    40.21    28.03   102.89     90.0     o
 ALA     19    81.61    61.07    35.87    45.74     70.5     o
 MET     20    30.39    14.78    16.31    14.07      8.9     i
 PRO     21    78.41    55.42    38.71    39.70     37.7      
 TRP     22    41.69    14.38    16.62    25.06     11.2     i
 ASN     23    92.59    17.87     3.55    89.03     77.9     o
 LEU     24     4.82     1.37     3.79     1.04      0.7     i
 PRO     25    56.88    53.48     4.92    51.96     49.4      
 ALA     26    30.91    29.66    11.84    19.07     29.4      
 ASP     27    11.26     0.28     0.01    11.25     10.0     i
 LEU     28   127.77   125.47     2.37   125.40     85.8     o
 ALA     29    46.98    45.88     6.86    40.11     61.8     o
 TRP     30    17.95    17.95     0.00    17.95      8.0     i
 PHE     31    44.75    44.75     0.00    44.75     24.8      
 LYS     32   102.31    80.37     0.01   102.30     62.2     o
 ARG     33   149.86    87.41    22.66   127.20     65.1     o
 ASN     34    24.00     1.38     1.38    22.62     19.8     i
 THR     35     0.00     0.00     0.00     0.00      0.0     i
 LEU     36    63.53    57.32     6.21    57.32     39.2      
 ASP     37   119.05    40.57    32.35    86.70     76.7     o
 LYS     38    45.08    38.34     2.90    42.18     25.6      
 PRO     39    10.75    10.75     0.00    10.75     10.2     i
 VAL     40     0.00     0.00     0.00     0.00      0.0     i
 ILE     41     0.00     0.00     0.00     0.00      0.0     i
 MET     42     0.44     0.44     0.00     0.44      0.3     i
 GLY     43     9.27     9.27     9.27     0.00     10.6     i
 ARG     44    41.24    32.41     2.28    38.96     19.9     i
 HIS     45   152.55   124.74     3.68   148.86     96.3     o
 THR     46     3.25     1.94     0.07     3.18      3.0     i
 TRP     47    15.69     9.00     0.00    15.69      7.0     i
 GLU     48   101.17    36.89    24.05    77.12     54.6     o
 SER     49    34.07    27.03    19.64    14.42     18.6     i
 ILE     50    41.13    28.93    12.21    28.92     19.6     i
 GLY     51    51.23    29.37    51.23     0.00     58.8     o
 ARG     52   119.69    59.23     0.41   119.28     61.0     o
 PRO     53    34.36    30.77     3.71    30.66     29.1      
 LEU     54    11.34    10.05     1.29    10.05      6.9     i
 PRO     55    82.51    82.23    11.51    71.00     67.5     o
 GLY     56    48.85    40.47    48.85     0.00     56.0     o
 ARG     57    26.61     7.22    20.82     5.79      3.0     i
 LYS     58   102.17    76.06    11.30    90.87     55.2     o
 ASN     59     7.19     1.54     3.77     3.42      3.0     i
 ILE     60     0.00     0.00     0.00     0.00      0.0     i
 ILE     61     0.00     0.00     0.00     0.00      0.0     i
 LEU     62    20.03    14.23     5.80    14.23      9.7     i
 SER     63    13.16    10.31    10.67     2.49      3.2     i
 SER     64    92.89    47.54    16.63    76.26     98.5     o
 GLN     65   105.78    42.32     4.34   101.44     70.6     o
 PRO     66   109.47   107.65     9.58    99.88     94.9     o
 GLY     67    31.87     5.27    31.87     0.00     36.5      
 THR     68   117.47    84.16    34.68    82.79     78.0     o
 ASP     69    39.14    16.98    17.79    21.35     18.9     i
 ASP     70   148.50    43.56    29.52   118.98    100.0     o
 ARG     71   140.45    79.05    32.22   108.23     55.4     o
 VAL     72    13.28     6.03    13.28     0.00      0.0     i
 THR     73    47.98    31.44     7.69    40.29     37.9      
 TRP     74    52.41    32.99    19.43    32.98     14.7     i
 VAL     75     6.49     5.59     3.52     2.97      2.4     i
 LYS     76   134.52   103.28    17.31   117.21     71.3     o
 SER     77    52.20    45.63     6.28    45.92     59.3     o
 VAL     78    26.74    26.33     0.41    26.33     21.5      
 ASP     79   101.72    35.86     4.19    97.53     86.3     o
 GLU     80    76.32    36.87     5.74    70.58     50.0      
 ALA     81     0.00     0.00     0.00     0.00      0.0     i
 ILE     82    49.42    48.46     0.97    48.46     32.9      
 ALA     83    72.61    63.39    21.09    51.53     79.4     o
 ALA     84    31.54    26.89    20.12    11.42     17.6     i
 CYS     85     7.30     0.52     7.30     0.00      0.0     i
 GLY     86    49.13    38.76    49.13     0.00     56.3     o
 ASP     87   156.06    51.51    33.48   122.59    100.0     o
 VAL     88    56.53    44.23    17.22    39.31     32.1      
 PRO     89   127.71   123.40    20.64   107.07    100.0     o
 GLU     90    18.09     5.64     0.92    17.17     12.2     i
 ILE     91     8.84     8.84     0.00     8.84      6.0     i
 MET     92     0.00     0.00     0.00     0.00      0.0     i
 VAL     93     0.00     0.00     0.00     0.00      0.0     i
 ILE     94    10.01     3.93     6.12     3.89      2.6     i
 GLY     95     0.22     0.22     0.22     0.00      0.3     i
 GLY     96    21.19    20.60    21.19     0.00     24.3      
 GLY     97    20.04    14.15    20.04     0.00     23.0      
 ARG     98   171.04    86.91     5.64   165.39     84.6     o
 VAL     99     8.17     8.17     0.00     8.17      6.7     i
 TYR    100    10.40     3.63     0.00    10.40      5.4     i
 GLU    101    97.19    22.27     7.05    90.14     63.8     o
 GLN    102    52.69    22.15    13.35    39.34     27.4      
 PHE    103     0.00     0.00     0.00     0.00      0.0     i
 LEU    104    22.11    22.11     0.00    22.11     15.1     i
 PRO    105   103.50    82.60    29.89    73.60     70.0     o
 LYS    106    94.50    48.82    20.54    73.96     45.0      
 ALA    107     0.80     0.00     0.80     0.00      0.0     i
 GLN    108    78.62    31.84     0.22    78.40     54.6     o
 LYS    109    37.35    10.81     0.00    37.35     22.7      
 LEU    110     0.00     0.00     0.00     0.00      0.0     i
 TYR    111     9.27     2.25     0.00     9.27      4.8     i
 LEU    112     0.00     0.00     0.00     0.00      0.0     i
 THR    113     1.01     0.08     0.00     1.01      0.9     i
 HIS    114    55.03    47.06     0.36    54.67     35.4      
 ILE    115     3.62     0.08     3.62     0.00      0.0     i
 ASP    116    79.63    29.99    15.61    64.02     56.7     o
 ALA    117    11.43    11.33     9.69     1.74      2.7     i
 GLU    118   150.95    43.24    25.91   125.04     88.6     o
 VAL    119    31.28    20.49    20.19    11.09      9.1     i
 GLU    120   175.71    86.74    25.74   149.97    100.0     o
 GLY    121    24.94     9.55    24.94     0.00     28.6      
 ASP    122   138.54    45.34    32.65   105.90     93.7     o
 THR    123    65.21    60.29     4.93    60.28     56.8     o
 HIS    124    85.41    59.32    13.53    71.89     46.5      
 PHE    125     0.69     0.00     0.69     0.00      0.0     i
 PRO    126    17.71    17.71     9.64     8.07      7.7     i
 ASP    127   116.87    34.29    21.20    95.66     84.7     o
 TYR    128    44.57    20.79    13.34    31.23     16.2     i
 GLU    129   112.76    34.38     3.47   109.29     77.4     o
 PRO    130    95.66    87.87     9.68    85.98     81.7     o
 ASP    131   111.16    35.58    16.76    94.40     83.5     o
 ASP    132    73.66    10.57     5.01    68.64     60.7     o
 TRP    133     9.96     1.33     5.30     4.66      2.1     i
 GLU    134    72.45     9.32     0.60    71.86     50.9     o
 SER    135    61.27    35.90    23.88    37.40     48.3      
 VAL    136    73.18    45.63    37.24    35.94     29.4      
 PHE    137    76.68    76.68     6.15    70.53     39.2      
 SER    138    76.00    34.15    24.61    51.39     66.4     o
 GLU    139    71.13    28.08     5.91    65.21     46.2      
 PHE    140   116.35    96.76    19.60    96.76     53.7     o
 HIS    141    63.77    50.48     6.39    57.38     37.1      
 ASP    142   103.33    33.27     8.69    94.64     83.8     o
 ALA    143    46.94    30.68    16.26    30.68     47.3      
 ASP    144    83.94    46.58    24.25    59.69     52.8     o
 ALA    145   121.68    89.04    49.83    71.85    100.0     o
 GLN    146   118.50    37.36    12.11   106.38     74.0     o
 ASN    147     4.90     0.48     0.50     4.40      3.8     i
 SER    148    60.34    40.94    32.96    27.37     35.4      
 HIS    149    53.85    38.74     4.64    49.21     31.8      
 SER    150    17.91    16.18     1.03    16.88     21.8      
 TYR    151     8.93     0.11     0.00     8.93      4.6     i
 CYS    152    24.79     6.33     0.00    24.79     24.2      
 PHE    153     8.16     8.16     0.00     8.16      4.5     i
 GLU    154    29.13     2.76     0.00    29.13     20.6      
 ILE    155    24.55    24.55     0.00    24.55     16.7     i
 LEU    156     9.83     9.83     0.00     9.83      6.7     i
 GLU    157    64.96    15.58     0.00    64.96     46.0      
 ARG    158    65.64    34.66     9.36    56.27     28.8      
 ARG    159   187.57    69.25    49.66   137.91     70.5     o
 ---------------------------------------------
 POLAR  area/energy         =         3576.91
 APOLAR area/energy         =         4960.01
 UNKNOW area/energy         =            0.00
 ---------------------------------------------
 Total  area/energy         =         8536.92
 ---------------------------------------------
 Number of surface atoms    =  744
 Number of buried atoms     =  524
 Number of atoms with ASP=0 =  0
