 Probe radius  :  1.400
   Residue      Total   Apolar  Backbone Sidechain Ratio(%) In/Out
 MET      1     0.00     0.00     0.00     0.00      0.0     i
 ILE      2    40.42    30.24    10.19    30.23     20.5      
 SER      3     5.39     0.00     0.00     5.39      7.0     i
 LEU      4     0.00     0.00     0.00     0.00      0.0     i
 ILE      5     5.55     4.20     1.35     4.20      2.9     i
 ALA      6    11.35    10.71    10.52     0.83      1.3     i
 ALA      7    13.68     8.76     4.92     8.76     13.5     i
 LEU      8     9.73     8.84     0.89     8.84      6.0     i
 ALA      9     5.32     0.18     5.32     0.00      0.0     i
 VAL     10    80.59    79.35     9.15    71.45     58.4     o
 ASP     11   110.00    30.87    19.39    90.61     80.2     o
 ARG     12    79.12    30.65     1.51    77.61     39.7      
 VAL     13     7.54     7.54     0.00     7.54      6.2     i
 ILE     14    16.30    10.97     5.33    10.97      7.4     i
 GLY     15     8.56     8.56     8.56     0.00      9.8     i
 MET     16    66.38    63.48     2.98    63.40     40.1      
 GLU     17   139.72    51.23    26.56   113.16     80.1     o
 ASN     18    88.51    46.71    30.47    58.04     50.8     o
 ALA     19    65.50    64.84    10.66    54.83     84.5     o
 MET     20    95.62    78.79    16.83    78.79     49.8      
 PRO     21    59.50    49.33    26.92    32.59     31.0      
 TRP     22    34.80    21.26    31.04     3.76      1.7     i
 ASN     23   101.12    40.56     7.48    93.65     81.9     o
 LEU     24     2.39     0.64     1.78     0.61      0.4     i
 PRO     25    56.96    53.36     4.51    52.45     49.9      
 ALA     26    31.21    28.77    11.12    20.09     31.0      
 ASP     27     8.98     0.43     0.00     8.98      7.9     i
 LEU     28   103.34   101.72     1.63   101.72     69.6     o
 ALA     29    64.29    61.67     9.49    54.80     84.4     o
 TRP     30     9.89     9.81     2.88     7.01      3.1     i
 PHE     31    39.00    39.00     0.00    39.00     21.7      
 LYS     32   100.78    93.90     0.00   100.78     61.3     o
 ARG     33   162.44    84.95    23.73   138.71     71.0     o
 ASN     34    17.15     2.03     2.03    15.12     13.2     i
 THR     35     0.00     0.00     0.00     0.00      0.0     i
 LEU     36    69.00    62.98     6.02    62.98     43.1      
 ASP     37   120.37    39.69    32.70    87.66     77.6     o
 LYS     38    50.60    41.67     3.48    47.12     28.6      
 PRO     39     7.41     7.41     0.01     7.40      7.0     i
 VAL     40     0.00     0.00     0.00     0.00      0.0     i
 ILE     41     0.00     0.00     0.00     0.00      0.0     i
 MET     42     0.31     0.31     0.00     0.31      0.2     i
 GLY     43     8.91     8.91     8.91     0.00     10.2     i
 ARG     44    87.69    29.94     2.06    85.63     43.8      
 HIS     45   113.12    88.21     0.67   112.45     72.7     o
 THR     46    27.80    20.22     5.32    22.48     21.2      
 TRP     47    21.57    12.45     0.01    21.56      9.6     i
 GLU     48   103.00    37.82    31.20    71.79     50.8     o
 SER     49     0.00     0.00     0.00     0.00      0.0     i
 ILE     50    63.14    48.73    28.98    34.16     23.2      
 GLY     51    56.29    28.99    56.29     0.00     64.6     o
 ARG     52   146.60    65.15     0.27   146.33     74.8     o
 PRO     53    32.83    29.02     3.82    29.02     27.6      
 LEU     54    24.06    22.50     1.57    22.50     15.4     i
 PRO     55   100.73   100.73    12.27    88.45     84.1     o
 GLY     56    49.16    40.71    49.16     0.00     56.4     o
 ARG     57    24.89     6.65    20.26     4.63      2.4     i
 LYS     58   101.45    70.27    11.57    89.88     54.6     o
 ASN     59     6.62     1.42     2.87     3.75      3.3     i
 ILE     60     0.00     0.00     0.00     0.00      0.0     i
 ILE     61     0.00     0.00     0.00     0.00      0.0     i
 LEU     62    20.55    17.46     3.09    17.46     11.9     i
 SER     63    16.40    11.85    11.85     4.55      5.9     i
 SER     64   100.49    56.36    24.07    76.42     98.7     o
 GLN     65   110.73    34.64     1.04   109.69     76.3     o
 PRO     66   108.28   103.84     7.71   100.57     95.6     o
 GLY     67    33.68     7.17    33.68     0.00     38.6      
 THR     68   128.86    87.59    37.70    91.16     85.8     o
 ASP     69    35.45    19.24    14.15    21.29     18.8     i
 ASP     70   148.00    42.21    28.81   119.20    100.0     o
 ARG     71   154.80    86.68    32.19   122.61     62.7     o
 VAL     72    14.64     6.56    14.64     0.00      0.0     i
 THR     73    47.42    30.84     5.99    41.42     39.0      
 TRP     74    47.34    28.24    19.10    28.24     12.6     i
 VAL     75     3.03     2.92     0.61     2.43      2.0     i
 LYS     76   126.95   101.93    21.16   105.79     64.3     o
 SER     77    56.60    48.76     7.16    49.43     63.9     o
 VAL     78    33.16    33.02     0.14    33.02     27.0      
 ASP     79   109.12    36.17     4.75   104.37     92.4     o
 GLU     80    78.14    35.82     4.43    73.71     52.2     o
 ALA     81     0.00     0.00     0.00     0.00      0.0     i
 ILE     82    56.53    55.64     0.88    55.64     37.8      
 ALA     83    76.24    63.14    24.73    51.51     79.4     o
 ALA     84    27.23    23.30    18.36     8.87     13.7     i
 CYS     85     5.95     0.00     5.95     0.00      0.0     i
 GLY     86    51.40    40.15    51.40     0.00     58.9     o
 ASP     87   154.18    49.25    32.69   121.48    100.0     o
 VAL     88    59.74    41.27    20.77    38.97     31.9      
 PRO     89   141.11   123.08    33.52   107.59    100.0     o
 GLU     90    31.42    12.94     1.58    29.83     21.1      
 ILE     91    15.46    15.46     0.00    15.46     10.5     i
 MET     92     0.00     0.00     0.00     0.00      0.0     i
 VAL     93     0.00     0.00     0.00     0.00      0.0     i
 ILE     94    13.74     3.60    10.23     3.51      2.4     i
 GLY     95     0.11     0.11     0.11     0.00      0.1     i
 GLY     96    20.69    19.82    20.69     0.00     23.7      
 GLY     97    11.22     6.68    11.22     0.00     12.9     i
 ARG     98   185.17    96.32     1.67   183.50     93.9     o
 VAL     99     9.24     9.23     0.01     9.23      7.5     i
 TYR    100     9.37     2.19     0.00     9.37      4.9     i
 GLU    101    97.30    31.14     6.29    91.02     64.5     o
 GLN    102    93.79    39.39    21.21    72.58     50.5     o
 PHE    103     4.55     3.78     3.97     0.57      0.3     i
 LEU    104    23.76    23.76     0.00    23.76     16.2     i
 PRO    105   119.47    91.20    39.41    80.06     76.1     o
 LYS    106     0.00     0.00     0.00     0.00      0.0     i
 ALA    107     1.74     0.20     1.74     0.00      0.0     i
 GLN    108   108.61    56.08     2.92   105.69     73.5     o
 LYS    109     0.00     0.00     0.00     0.00      0.0     i
 LEU    110     0.00     0.00     0.00     0.00      0.0     i
 TYR    111    16.64     3.34     0.11    16.53      8.6     i
 LEU    112     0.00     0.00     0.00     0.00      0.0     i
 THR    113     1.33     0.00     0.00     1.33      1.3     i
 HIS    114    77.22    65.06     4.04    73.17     47.3      
 ILE    115     9.92     3.86     9.92     0.00      0.0     i
 ASP    116     0.00     0.00     0.00     0.00      0.0     i
 ALA    117    16.37    13.02    14.78     1.60      2.5     i
 GLU    118   149.13    42.16    28.16   120.97     85.7     o
 VAL    119    29.88    23.74    12.58    17.30     14.1     i
 GLU    120   137.50    63.89     6.58   130.92     92.7     o
 GLY    121    20.67     0.00    20.67     0.00     23.7      
 ASP    122    87.15    42.04    33.63    53.52     47.4      
 THR    123    47.59    30.40     4.33    43.26     40.7      
 HIS    124    82.75    56.68     9.04    73.71     47.7      
 PHE    125     0.46     0.00     0.46     0.00      0.0     i
 PRO    126    19.82    19.82    12.60     7.22      6.9     i
 ASP    127   117.25    27.74    24.74    92.51     81.9     o
 TYR    128    41.57    20.60     9.64    31.93     16.5     i
 GLU    129    94.99    44.18     7.45    87.54     62.0     o
 PRO    130    95.81    89.33     8.07    87.74     83.4     o
 ASP    131   104.50    29.64    14.00    90.50     80.1     o
 ASP    132    59.05     9.08     4.34    54.71     48.4      
 TRP    133    11.12     0.99     7.02     4.10      1.8     i
 GLU    134    81.28    12.29     0.94    80.34     56.9     o
 SER    135    59.85    33.36    22.73    37.12     48.0      
 VAL    136    73.58    48.33    34.60    38.98     31.9      
 PHE    137    80.72    80.14    11.82    68.90     38.3      
 SER    138    78.76    21.78    24.77    53.99     69.8     o
 GLU    139    70.95    32.43     9.42    61.53     43.6      
 PHE    140   141.08   120.06    21.12   119.96     66.6     o
 HIS    141    64.82    52.44     6.42    58.40     37.8      
 ASP    142   102.67    31.75     8.13    94.55     83.7     o
 ALA    143    51.91    35.97    15.95    35.97     55.4     o
 ASP    144    86.95    49.40    23.77    63.19     55.9     o
 ALA    145   119.10    88.14    46.71    72.39    100.0     o
 GLN    146   135.23    39.40    18.57   116.66     81.2     o
 ASN    147     5.04     0.06     0.13     4.91      4.3     i
 SER    148    85.08    45.78    26.39    58.69     75.8     o
 HIS    149    62.35    44.29     5.07    57.28     37.1      
 SER    150    31.16     8.47     2.68    28.48     36.8      
 TYR    151    12.15     5.16     5.09     7.07      3.7     i
 CYS    152     0.00     0.00     0.00     0.00      0.0     i
 PHE    153    11.45    11.12     0.33    11.12      6.2     i
 GLU    154    27.95     2.81     0.00    27.95     19.8     i
 ILE    155    30.46    30.46     0.00    30.46     20.7      
 LEU    156    13.69    13.64     0.06    13.64      9.3     i
 GLU    157    76.17    15.06     0.05    76.12     53.9     o
 ARG    158    69.78    28.12    17.63    52.15     26.7      
 ARG    159   188.32    65.25    47.45   140.87     72.1     o
 ---------------------------------------------
 POLAR  area/energy         =         3542.15
 APOLAR area/energy         =         4987.42
 UNKNOW area/energy         =            0.00
 ---------------------------------------------
 Total  area/energy         =         8529.57
 ---------------------------------------------
 Number of surface atoms    =  740
 Number of buried atoms     =  482
 Number of atoms with ASP=0 =  92



