All #FFFFFF Lon-_heatmap.csv 1,2,3,4,5,6,7,8,9,10,11,12,13,14,15,16,17,18,19,20,21,22,23,24,25,26,27,28,29,30,31,32,33,34,35,36,37,38,39,40,41,42,43,44,45,46,47,48,49,50,51,52,53,54,55,56,57,58,59,60,61,62,63,64,65,66,67,68,69,70,71,72,73,74,75,76,77,78,79,80,81,82,83,84,85,86,87,88,89,90,91,92,93,94,95,96,97,98,99,100,101,102,103,104,105,106,107,108,109,110,111,112,113,114,115,116,117,118,119,120,121,122,123,124,125,126,127,128,129,130,131,132,133,134,135,136,137,138,139,140,141,142,143,144,145,146,147,148,149,150,151,152,153,154,155,156,157,158,159
Intolerant-Lon #283747 Lon-_heatmap.csv 1,2,14,15,22,27,35,43,46,57,95,96,104,107,113
Intolerant+Lon #283747 Lon+_heatmap.csv 1,2,15,22,27,35,43,46,61,81,93,94,95,96,104,107,110,112,113,125,133
Deleterious-Lon #0000AA Lon-_heatmap.csv 3,4,5,6,7,8,9,10,13,16,17,20,21,26,28,29,31,32,41,42,49,50,54,61,81,90,93,94,97,98,99,100,110,117,121,122,123,125,133,147,148,149
Deleterious+Lon #0000AA Lon+_heatmap.csv 3,4,5,6,7,8,9,10,13,14,16,17,18,20,21,23,26,28,29,31,32,34,38,40,41,42,49,50,54,57,60,62,63,74,82,85,90,91,92,97,98,99,100,102,103,111,115,117,118,121,122,123,126,128,131,139,141,144,147,148,149,150,151,153,155,156,158
Mixed-Lon #6C3483 Lon-_heatmap.csv 11,12,18,19,23,24,25,33,34,36,37,38,39,40,44,45,51,53,56,58,59,60,62,63,64,65,66,67,69,71,73,74,75,76,79,80,82,84,89,91,92,101,103,106,109,111,112,115,119,124,128,131,138,141,144,150,151,153,155,156,157
Mixed+Lon #6C3483 Lon+_heatmap.csv 11,12,19,24,30,33,36,37,39,44,45,47,59,66,69,71,72,73,75,76,77,78,79,80,83,84,87,101,106,108,109,114,116,119,120,124,129,132,135,137,138,140,146,152,154,157
Beneficial-Lon #a31515 Lon-_heatmap.csv 30,47,48,68,72,77,78,85,86,88,102,114,116,118,120,126,127,129,130,132,134,135,137,140,142,152,154,159
Beneficial+Lon #a31515 Lon+_heatmap.csv 48,52,53,55,64,65,67,68,70,127
Tolerant-Lon #FFFFFF Lon-_heatmap.csv 52,55,70,83,87,105,108,136,139,143,145,146,158
Tolerant+Lon #FFFFFF Lon+_heatmap.csv 25,51,56,58,86,88,89,105,130,134,136,142,143,145,159
